0.0891386821349157,0.974809478724026,0.520971681165856,0.604144559636069,0
0.757943609936101,0.589755677430666,0.169451284742547,0.464395127127264,0.176091259055681
0.276251529704987,0.717561639711021,0.499159820761763,0.514921858793272,0.653212513775344
0.528097783918092,0.472485453312467,0.21460902650223,0.177382508596546,0.698970004336019
0.152240049182708,0.42097480188844,0.584477120884888,0.619321034460698,0.653212513775344
0.251446620475116,0.509742798902216,0.25457430918596,0.22100098457996,0.176091259055681
1,0.592276804721887,0.619320590194377,0.351680551299341,0.977723605288848
0.392146513371298,0.81349918805201,0.750835133116686,0.61554701628207,0.740362689494244
0.605712899813411,0.607453531866284,0.394654643441051,0.424235780066075,0.397940008672038
0.197497698970572,0.38107146576193,0.396080172779202,0.21474634818992,0.477121254719662
0.546015018675681,0.266802104028181,0.45457733685889,0.602232267834328,0.477121254719662
0.42019868724583,0.649109369446061,0.389722059624972,0.340799842591848,0.477121254719662
0.632485480894201,0.436309353304629,0,0.493064037119007,0.397940008672038
0.170521595460248,0.601896928096745,0.350349696223483,0.36967438058449,0
0.542361179479833,0.372775389898238,0.627596229537977,0.551180703262463,0.602059991327962
0.522034857416089,0.510955009937239,0.623168257876996,0.543787996669797,0.698970004336019
0.421125668266589,0.397169304700392,0.351333689925923,0.375918231746055,0.301029995663981
0.115425239933445,0.716558889877321,0.566941848495247,0.317151574316034,0.301029995663981
0.47024320663406,0.426098354832158,0.2277667884464,0.375119420160512,0.397940008672038
0.503570785973934,0.335614750768244,0.527191025977434,0.611759676817895,0.301029995663981
0.298585092758527,0.451186429805539,0.349718931029611,0.564255652465076,0.397940008672038
0.602325255668502,0.241751888945062,0.554313929313929,0.580985995296173,0.602059991327962
0.180065845797589,0.410532640873355,0.42259754152958,0.586827978285482,0.397940008672038
0.134520811790264,0.412949888805817,0.603551460347577,0.59647471705699,0.477121254719662
0.854492428062296,0.725602514959199,0.614224007427891,0.594567490280821,0.812913356642856
0.368437561463712,0.783713537260691,0.507271461154956,0.399600600390503,0.301029995663981
0.292021949806122,0.729285791503495,0.601999777970652,0.597436473870639,0.544068044350276
0.0220562432946044,0.712197067359095,0.517388934864663,0.370643094349463,0.301029995663981
0.352979373234723,0.240807158568927,0.589119552711786,0.595512089666337,0.602059991327962
0.165680815848451,0.760547213164254,0.49074541307551,0.389234709834413,0.544068044350276
0.292237375429017,0.574642948746914,0.537068808913469,0.636124169817357,0.653212513775344
0.544830482914891,0.283491343944438,0.305830288839998,0.518323167612246,0.602059991327962
0.310703170746524,0.794944028549439,0.52903286034354,0.602232267834328,0.954242509439325
0.407189761383331,0.39201667926387,0.232131683587994,0.445689571551017,0.397940008672038
0.352557577466681,0.707167316146234,0.563838483741396,0.566237814426176,0.397940008672038
0.43489252618247,0.289081021801827,0.423707688270795,0.304336700229979,0.544068044350276
0.138392388029457,0.4572874997295,0.0335516621924389,0.454523368297716,0.176091259055681
0.373885931315278,0.272690193316269,0.243826070282381,0.55803219804889,0.544068044350276
0,0.604840360501552,0.457277011888662,0.380626998848976,0.176091259055681
0.852172955844069,0.688513936169888,0.495690612195467,0.105804398280659,0.698970004336019
0.162636937654005,0.235646510567496,0.349681085117978,0.399348537515142,0.477121254719662
0.527303354052659,0.314653963559215,0.446579234200593,0.791833206703805,0.544068044350276
0.578210838242528,0.575452511318321,0.504357325959268,0.539175533485038,0.812913356642856
0.171308831631951,0.308757565780361,0.516707708455281,0.5563676379763,0.544068044350276
0.743650138021264,0.50735431646002,0.10335970772864,0.553305752767299,0.176091259055681
0.354244388744272,0.404616834266346,0.114149577135014,0.497514884428789,0.397940008672038
0.297725215866459,0.370999248411551,0.659374180005248,0.589736919006394,0.740362689494244
0.28544360195391,0.620474338070043,0.554402236441071,0.550234842583443,0.544068044350276
0.481461737321779,0.54153268538725,0.447979532930989,0.370312425051546,0.301029995663981
0.182530798150366,0.293609103082234,0.303811840219607,0.570190933655202,0.176091259055681
0.573031998082655,0.66688287390238,0.307470278344065,0.605698115626024,0.301029995663981
0.409361972733895,0.702161401092762,0.528919322608643,0.743994435180653,0.653212513775344
0.630951064871468,0.573869912163746,0.568468300264417,0.608910359098003,0.698970004336019
0.491431392098537,0.484706452316151,0.525462729346225,0.479381349196151,0.176091259055681
0.165004686876002,0.255445166692987,0.096652150657005,0.407995579634828,0.397940008672038
0.561371129841381,0.476412804893436,0.503928405627435,0.616491765117522,0.653212513775344
0.548185439949643,0.732825867873341,0.644551197949256,0.576092862781147,0.477121254719662
0.382456711016337,0.698957488876965,0.583871586298771,0.598397362072941,0.845098040014257
0.571760341130657,0.64982154473451,0.366636053529257,0.763720047142256,0.477121254719662
0.415662514189344,0.590267438587093,0.76638980279757,0.606053431237495,0.698970004336019
0.652743061435629,0.399760932304644,0.204423430151585,0.271425012134887,0.301029995663981
0.717006786737786,0.670131730095235,0.400167531235492,0.175273020819374,0.602059991327962
0.527799897726351,0.400756884088727,0.332221504551602,0.213596661210291,0.397940008672038
0.332875214636982,0.652347974948241,0.151232262882748,0.572161925989529,0.397940008672038
0.563236016595819,0.426491973883339,0.131761802878308,0.182720799471278,0.176091259055681
0.416075186665067,0.185702827072056,0.519394768181176,0.554837819349421,0.544068044350276
0.599709309390847,0.548730300611535,0.216766243465273,0.665382567856538,0.397940008672038
0.126647056305526,0.32214605574147,0.542228468199342,0.598397362072941,0.397940008672038
0.473380633663612,0.627208535458358,0.355320125951194,0.674829581860746,0.544068044350276
0.547100427771809,0.89362970153334,0.648789940052076,0.757133677343114,0.397940008672038
0.0132553601927404,0.164685541242401,0.475468280079931,0.394132108897831,0
0.739487912753295,0.424010981782524,0.552812708152514,0.643517283576951,0.740362689494244
0.34675158825237,0.399123281918323,0.523595664372363,0.320196838599187,0.301029995663981
0.226642014790503,0.62936501677245,0.241050703429344,0.942117684660219,0.301029995663981
0.414011237029929,0.580560742911261,0.546517671517672,0.539534133024325,0.301029995663981
0.177037690513102,0.389936163136496,0.737425065094968,0.591671786942701,0.544068044350276
0.429147138332869,0.851061032753298,0.649130553256767,0.538457961361764,0.477121254719662
0.485393218564009,0.722913822261275,0.515635407625699,0.595512089666337,0.740362689494244
0.222228923603797,0.568229738754047,0.584969117736108,0.580009183144256,0.301029995663981
0.378697067251789,0.255445166692987,0.422976000645904,0.519847033178927,0.602059991327962
0.715887704284944,0.656327659712104,0.679609127424661,0.441220946010022,0.812913356642856
0.462537195421904,0.557908045169602,0.381623034535656,0.395513649165099,0.397940008672038
0.514463597313665,0.917161803921114,0.639025694850938,0.587798513068506,0.477121254719662
0.644541763912391,0.83621924030038,0.632844195950992,0.448090760982354,0.397940008672038
0.549762931678057,0.512772083054458,0.465779726702057,0.40353341309973,0.477121254719662
0.0536924876317436,0.651351969947663,0.558868054013685,0.608910359098003,0.301029995663981
0.332131832130868,0.340740865153073,0.468214480350403,0.432864745289059,0.301029995663981
0.252102180873533,0.192836806192047,0.540550632783643,0.626811231981004,0.740362689494244
0.104157463903432,0.872941640945817,0.628529762024908,0.49477181432505,0.477121254719662
0.260174923782481,0.170160177376557,0.354689360757322,0.397651127720449,0.176091259055681
0.691163346584846,0.11149316029567,0.16658634923198,0.407473021626197,0.301029995663981
0.67626945496668,0.480947469832714,0.379554124699756,0.598397362072941,0.397940008672038
0.257232138862272,0.593445066944171,0.267883454776659,0.537739891126196,0.740362689494244
0.408638083196875,0.622745310217555,0.261903800738752,0.49878001202038,0.397940008672038
0.325539134474395,0.273324610059212,0.427946430373615,0.38044002834323,0.301029995663981
0.58542666378772,0.105719933126738,0.32306279393658,0.604144559636069,0.397940008672038
0.233028698979492,0.505153113988573,0.336308863007892,0.388191946931326,0.176091259055681
0.387357772443509,0.471174773244358,0.275137254506187,0.953581774692365,0.397940008672038
0.416694085352867,0.814394937417231,0.605342833498173,0.561197326555641,0.477121254719662
0.716447296807775,0.365945347780163,0.553708394727812,0.594567490280821,0.698970004336019
0.123102239356655,0.496783739801499,0.548801041519488,0.564255652465076,0.176091259055681
0.504771968531998,0.856118194545008,0.466448337807561,0.42454846097721,0.176091259055681
0.647405213867512,0.488726822345373,0.486998667823911,0.381187690970002,0.397940008672038
0.335210302624392,0.716939294346886,0.554049007932503,0.537500423539893,0.397940008672038
0.301055791157275,0.615021940990428,0.538734029025291,0.606053431237495,0.301029995663981
0.149861367916491,0.64793379432528,0.416554810972287,0.566237814426176,0.397940008672038
0.594276342982174,0.535210972202008,0.481775932018651,0.579031465920121,0.477121254719662
0.456337387180436,0.723293185607265,0.585814343095897,0.633338701143003,0.653212513775344
0.288465064919701,0.471367569415988,0.496195224350564,0.593603132977368,0.477121254719662
0.69473455284836,0.496898081201912,0.598644107139253,0.623081847877428,0.812913356642856
0.0877481743629241,0.783780744311946,0.459030539127627,0.250090875524063,0.544068044350276
0.570194479404907,0.234354342653623,0.275919403346588,0.339824358644918,0.698970004336019
0.495851514876347,0.637111462148023,0.438341440768625,0.372789646300593,0.301029995663981
0.0453470896151397,0.425035226874564,0.435061461760491,0.300449488162229,0.176091259055681
0.264746502357538,0.546532456146368,0.663133540560725,0.44641054097424,0.301029995663981
0.394641839600573,0.658882375696205,0.478104878590316,0.253396041065818,0
0.602131560227616,0.426334534823628,0.359457945622994,0.450094562093902,0.301029995663981
0.21548555982581,0.768644292749438,0.502263185515613,0.559303308856926,0.301029995663981
0.215264190962339,0.26675968360313,0.437269139939043,0.163249242931302,0.477121254719662
0.708790632400933,0.551223537634511,0.189213158266556,0,0.740362689494244
0.427400754938147,1,0.756739095331328,0.625893861495444,0.698970004336019
0.492034527557302,0.320451272000621,0.403699816321176,0.811324734233356,0.477121254719662
0.195268925355907,0.494495666706895,0.513982802817754,0.584884234899201,0.653212513775344
0.236875720491501,0.120030983713237,0.286768564681186,0.5656552147202,0.397940008672038
0.606003091146745,0.408708010675706,0.320325272995176,0.200051162758081,0.397940008672038
0.377024539534548,0.331463805828024,0.58554942171447,0.907918521429171,0.903089986991944
0.236106737236771,0.672071785286037,0.339651918535414,0.407245734565267,0.397940008672038
0.558129334020021,0.546756064619422,0.630371596391014,0.531957227674873,0.602059991327962
0.653028751392865,0.403901075852968,0.19666501826696,0.200336122181984,0.397940008672038
0.390481764660765,0.171448810867993,0.259986274549381,0.510341784866283,0.397940008672038
0.847528830650947,0.441162389273098,0.505152090103546,1,0.740362689494244
0.652552586448057,0.653414641573047,0.222417899602366,0.544045847293062,0.301029995663981
0.0580313693248425,0.439519829707442,0.501228730597663,0.568216235623134,0.301029995663981
0.634689834384933,0.763667397216352,0.7295783460832,0.639827022994608,0.698970004336019
0.637849786288653,0.429756262265439,0.318281593767031,0.516593374981642,0.397940008672038
0.226642014790503,0.645438143890524,1,0.648112563105767,0.812913356642856
0.163313643581107,0.522588756636294,0.598997335647821,0.628680252268924,0.544068044350276
0.311131185433099,0.310877178963215,0.560596350644894,0.47215040561412,0.397940008672038
0.702332894813772,0.562538341536207,0.588198635528733,0.351246770517075,0.602059991327962
0.365079584730784,0.428891506749641,0.535353127586137,0.504051656555078,0.176091259055681
0.136798866808723,0.440184824426378,0.334504874553418,0.580985995296173,0.397940008672038
0.445226168326557,0.37063576543904,0.465590497143895,0.295855061352826,0.477121254719662
0.554687198004927,0.329858792996588,0.518410774478736,0.61554701628207,0.397940008672038
0.598836819076104,0.3781352594524,0.105582524271845,0.330062364652874,0.176091259055681
0.250135042168675,0.698643823783343,0.660295097188301,0.612707766988728,0.740362689494244
0.674473482336261,0.586243323092196,0.633664190703026,0.580985995296173,0.602059991327962
0.902896077270583,0.839602003883789,0.608383121732636,0.941405499379706,0.8750612633917
0.0864729214498475,0.70209179807502,0.658705568899744,0.569204048940002,0.397940008672038
0.53395012519728,0.718909481613119,0.549166885331934,0.57117689194801,0.301029995663981
0.504371628768312,0.720083884174779,0.520832912823204,0.537500423539893,0.397940008672038
0.608613549450914,0.642975470848721,0.248796500010092,0.378755644825595,0.397940008672038
0.268007393236709,0.802123548820262,0.742660416204106,0.579031465920121,0.477121254719662
0.417415967033541,0.493579772590227,0.448332761439558,0.622142876158574,0.477121254719662
0.364344504481405,0.564128952882579,0.404053044829744,0.26686575677914,0
0.579674916240091,0.207205564262527,0.577488242536786,0.629613550202998,0.602059991327962
0.352030245561234,0.251474826596264,0.451587509839937,0.533300732201858,0.176091259055681
0.591653346888549,0.53041095484138,0.63009405970571,0.504051656555078,0.653212513775344
0.221345471647759,0.572359882812513,0.453719496195224,0.589736919006394,0.397940008672038
0.465480041657987,0.356167621925566,0.209638596774519,0.35141548680708,0.477121254719662
0.318184163771132,0.825678847639617,0.409780392790102,0.504051656555078,0.176091259055681
0.44481761124329,0.535960040629995,0.675597460791636,0.543629287493351,0.397940008672038
0.0272756531116982,0.629724231499002,0.467571099852653,0.173775637470562,0.301029995663981
0.731517668138644,0.4439362849716,0.54051278687201,0.61554701628207,0.602059991327962
0.137709562923205,0.413583474471111,0.459144076862524,0.542020987297884,0.477121254719662
0.826094204302165,0.585437636495436,0.441507882041863,0.768122345195589,0.812913356642856
0.462232594009621,0.651494282965423,0.446856770885897,0.267394021239358,0.397940008672038
0.554687198004927,0.585107954314561,0.746243162505298,0.952737746084704,0.977723605288848
0.253085235776888,0.250021414858123,0.440662656682074,0.332696882633773,0.301029995663981
0.726409512496715,0.508037003126477,0.160175251801465,0.795498991647286,0.477121254719662
0.276034886123995,0.770942958001462,0.633966957996084,0.576092862781147,0.176091259055681
0.283931662675355,0.509439642393793,0.586457723593646,0.581961904467529,0.477121254719662
0.133381079039543,0.430502819794202,0.327591688028581,0.576092862781147,0.477121254719662
0.102428718738374,0.602951190138269,0.367720969662717,0.482608886880112,0.477121254719662
0.404808802497222,0.445263380815733,0.42057909290919,0.636160533769215,0.602059991327962
0.421125668266589,0.495449318868487,0.603942534767777,0.581961904467529,0.477121254719662
0.109797126286663,0.503861734493269,0.653306218840199,0.523211824263736,0.602059991327962
0.330219389203585,0.306219546424425,0.564872938659347,0.604144559636069,0.845098040014257
0.472773651893433,0.4081126896528,0.591819227741558,0.463300700732779,0.477121254719662
0.506572824563868,0.743584819152092,0.583392204751428,0.517428110376651,0.397940008672038
0.328731048559793,0.517383780661207,0.182771784106736,0.580985995296173,0.397940008672038
0.368227802698399,0.209605179211603,0.242842076579941,0.595323236942248,0.477121254719662
0.541768240526381,0.206594307159243,0.254713077528612,0.549899643951605,0.544068044350276
0.182194796755145,0.188832499213637,0.614463698201562,0.372318291802758,0.301029995663981
0.441751606826263,0.730111145661136,0.439338049774943,0.568216235623134,0.301029995663981
0.308883390524939,0.58532774779945,0.610994489635266,0.464631022499199,0.8750612633917
0.70860364408953,0.470827697439922,0.239852249560987,0.851907075881573,0.544068044350276
0.172882635337449,0,0.267429303837071,0.61554701628207,0.397940008672038
0.513964806622556,0.465614958656491,0.559082514179602,0.595512089666337,0.397940008672038
0.447982432670606,0.39704961593332,0.467697252891428,0.507407113304235,0.301029995663981
0.819427468718042,0.842586661160308,0.911163030095069,0.657227576510023,1
0.250462993961705,0.0893180756003791,0.309854570776901,0.397306693644876,0.397940008672038
0.306205128908091,0.442178591743693,0.59974163857659,0.556152030170208,0.544068044350276
0.480957320165316,0.726807968092019,0.541168782673637,0.577073307849711,0.301029995663981
0.408534655643161,0.640224126463386,0.469589548473044,0.568216235623134,0.301029995663981
0.239620374050612,0.85093038331047,0.720041176351856,0.345031409600333,0.477121254719662
0.135660074218354,0.755042835976419,0.263417637204045,0.152560219028681,0.176091259055681
0.601840993572992,0.49079158737131,0.416504349756777,0.595512089666337,0.397940008672038
0.105079016423099,0.249379881381038,0.52321720525604,0.273840218648892,0.397940008672038
0.233028698979492,0.20799120012597,0.478029186767051,0.387704936107016,0.477121254719662
0.770705313048933,0.930944343549547,0.559120360091234,0.61743568321096,0.698970004336019
0.224215673677521,0.577328103276289,0.377220293482429,0.622142876158574,0.477121254719662
0.701583285042978,0.504735397275076,0.197568274024585,0.372082526954139,0.544068044350276
0.122072244213675,0.476181978525907,0.597912419514361,0.435142726902447,0.176091259055681
0.312307894395347,0.488994586247951,0.587530024423228,0.495624623906421,0.397940008672038
0.375769506485236,0.200384147382718,0.477373190965424,0.423788919440663,0.176091259055681
0.256032346273796,0.214526559868655,0.303370304583897,0.263344872574012,0.740362689494244
0.660067231895261,0.127443698174923,0.260629655047131,0.318949992200811,0.477121254719662
0.602906266834892,0.584778223845112,0.407888097208486,0.569204048940002,0.397940008672038
0.42924983411207,0.526578510103659,0.533940213551864,0.566237814426176,0.397940008672038
0.440217394310054,0.454491670774818,0.292521143249299,0.354615364767252,0.176091259055681
0.490526456784425,0.336969245350984,0.272866499808247,0.569204048940002,0.397940008672038
0.508172662079947,0.340658944446877,0.185608965948772,0.826816546718578,0.397940008672038
0.295789541170071,0.660796542423389,0.538998950406717,0.517651948033656,0.301029995663981
0.333618403967127,0.589060958487083,0.645409038612922,0.40353341309973,0.477121254719662
0.361507433295939,0.868049718217606,0.481321781079063,0.556681169820026,0.477121254719662
0.541768240526381,0.322848373708491,0.647276103586783,0.623081847877428,0.698970004336019
0.211054854424562,0.510992880839153,0.538166340350806,0.247799628297362,0.397940008672038
0.172208257145275,0.632524160532188,0.517931392931393,0.439375022582415,0.698970004336019
0.120240190185551,0.359702497884811,0.214596411198353,0.378802473399531,0.301029995663981
0.556556280822856,0.613430692331338,0.522737823708697,0.584884234899201,0.176091259055681
0.404290943629456,0.433094134858007,0.446516157681206,0.413950990598517,0.176091259055681
0.641006426976669,0.290130055868031,0.384385786084815,0.494251455786598,0.477121254719662
0.0323667357230612,0.666988887513427,0.427340895787498,0.564255652465076,0.176091259055681
0.462943281298418,0.300883927666892,0.451108128292594,0.607958897890567,0.477121254719662
0.465480041657987,0.596800454394753,0.566563389378923,0.34230983580241,0.477121254719662
0.304275219118051,0.0751583345901438,0.428753809821771,0.301238426598473,0.397940008672038
0.579089371267564,0.165443072947894,0.241252548291383,0.422648498876086,0.544068044350276
0.688717469653664,0.593043545066788,0.212868114567144,0.543549923795836,0.397940008672038
0.213824866737255,0.780047842929105,0.422370466059786,0.511591073506445,0.477121254719662
0.577917936388294,0.137134665398686,0.540058635932422,0.658136690751076,0.8750612633917
0.498159392511241,0.478296979738412,0.533511293220031,0.438120458636188,0.397940008672038
0.606486680927316,0.768136930527527,0.527619946309267,0.611759676817895,0.812913356642856
0.284039685075819,0.507695686124697,0.394553721010032,0.324770828240718,0.544068044350276
0.658641836889742,0.245269381134155,0.568985527723392,0.339580328598027,0.602059991327962
0.223222474531899,0.373622575563264,0.616570453949095,0.59409487550495,0.740362689494244
0.336801316057355,0.593408567909128,0.702960054901802,0.589736919006394,0.740362689494244
0.472874824254291,0.498993291244879,0.210218900752881,0.586827978285482,0.397940008672038
0.533157265312576,0.564683551748772,0.368768039884545,0.498158015318981,0.397940008672038
0.327561094061076,0.544668180360957,0.529020245039662,0.460376340693706,0
0.372315343929151,0.35994606713148,0.397442625597965,0.548340537002591,0.397940008672038
0.200948786413965,0.923444968211526,0.479088872292756,0.60700658923358,0.397940008672038
0.0341404463462752,0.619536448505965,0.486746361746362,0.528721629218883,0.301029995663981
0.316048739504851,0.401792186808774,0.399990916981208,0.458932499114995,0.301029995663981
0.212827977986048,0.537494843590558,0.494618311365884,0.490517850279586,0.397940008672038
0.406982799152987,0.363191009719813,0.540840784772824,0.636124169817357,0.653212513775344
0.450430261273696,0.487808527508003,0.741310578689219,0.877540200034725,0.397940008672038
0.392978528186835,0.265231975073584,0.271907736713562,0.390415139935789,0.397940008672038
0.182866759009767,0.509932250637713,0.498465979048503,0.464545248818576,0.176091259055681
0.661681867649346,0.381513560170798,0.213599802192035,0.660148316516092,0.397940008672038
0.607743649279357,0.474372998909252,0.322596027693115,0.909668544275141,0.397940008672038
0.555080786845261,0.446550672742643,0.420238479704499,0.618378772386209,0.397940008672038
0.200948786413965,0.472870798533602,0.433774700764992,0.604144559636069,0.397940008672038
0.349286556210699,0.328128959895154,0.683431564499526,0.586827978285482,0.740362689494244
0.617395062534949,0.346835113796215,0.437937751044547,0.595512089666337,0.397940008672038
0.765570274508079,0.631268208465775,0.318824051833761,0.407995579634828,0.397940008672038
0.216813405790166,0.610353519977375,0.567673536120138,0.395352571587873,0.477121254719662
0.792434266864583,0.653876709201782,0.288723936782189,0.789266599161457,0.397940008672038
0.426372980347518,0.254122559681833,0.324425246755344,0.410490882885963,0.301029995663981
0.096080651914553,0.323302690797043,0.408190864501544,0.571234860690562,0.301029995663981
0.0950404769242319,0.597128431058597,0.669971035262297,0.311533985371928,0.397940008672038
0.251992931391816,0.402309652094267,0.525260884484186,0.375565897407043,0.397940008672038
0.0803201756849108,0.121716012374977,0.273194497709061,0.530893214113682,0.176091259055681
0.348969807735637,0.775196301475423,0.692249661909856,0.613655019057635,0.477121254719662
0.391314258920149,0.285846704731594,0.506779464303736,0.594567490280821,0.301029995663981
0.188124863012014,0.232069544892075,0.241038088125467,0.634267987319725,0.477121254719662
0.619995631214391,0.456550058655719,0.550705952404982,0.92346585236889,0.602059991327962
0.602034707808767,0.543623505087322,0.49813798114769,0.606053431237495,0.544068044350276
0.550846971138407,0.607380984523656,0.805951395757221,0.335838700114015,0.954242509439325
0.296972610139929,0.793036947623374,0.678448519467937,0.515757958251189,0.602059991327962
0.747899023850364,0.380026153671706,0.470800617645278,0.907918521429171,0.903089986991944
0.617587774510626,0.609737583345372,0.576201481541287,0.619321034460698,0.778151250383644
0.112899756545716,0.221951740090112,0.275540944230265,0.344958613213616,0.397940008672038
0.709538470954413,0.250320729562384,0.341481137597642,0.273027121595045,0.397940008672038
0.272566332210062,0.466387998743497,0.283501200976929,0.28974448993448,0.301029995663981
0.520741148909522,0.401792186808774,0.597319500232122,0.433772147738607,0.740362689494244
0.702332894813772,0.666706173653442,0.629021758876128,0.348470660658083,0.602059991327962
0.774001892020941,0.216178906085198,0.34563157257332,0.628680252268924,0.544068044350276
0.558031042581637,0.802123548820262,0.760977837434148,0.523130874542089,0.929418925714293
0.208060158862035,0.413900197797137,0.138980279756979,0.519704901557802,0.397940008672038
0.593790776528897,0.36849400353227,0.651880689502049,0.607958897890567,0.477121254719662
0.23379852461778,0.522061271727399,0.652360071049391,0.58293691274226,0.698970004336019
0.22818495865303,0.3013847154678,0.30690258966958,0.272764675759726,0.477121254719662
0.555769441879844,0.536484238627718,0.176823668328523,0.260661855700298,0.176091259055681
0.667563246916838,0.266929360142611,0.428715963910139,0.54830103557861,0.477121254719662
0.243348811225171,0.355964290369772,0.200474840037947,0.61743568321096,0.301029995663981
0.518650114389355,0.661044557976383,0.667611973437216,0.608910359098003,0.544068044350276
0.608613549450914,0.569410555924921,0.498478594352381,0.611759676817895,0.544068044350276
0.632006059923666,0.413147904242738,0.235966735966736,0.43217810324395,0.301029995663981
0.211276556298814,0.431681073103791,0.534280826756555,0.578052841524348,0.397940008672038
0.24104653630951,0.376041264531427,0.417879417879418,0.489346957399532,0.653212513775344
0.494144527733407,0.605457631646308,0.448042609450376,0.611759676817895,0.301029995663981
0.149861367916491,0.545339499089225,0.5205553761379,0.311533985371928,0.397940008672038
0.441751606826263,0.647684352057386,0.478559029529903,0.55814959618273,0.602059991327962
0.176139826046003,0.364406595702141,0.465199422723695,0.61743568321096,0.301029995663981
0.0708900809943862,0.186055704892416,0.476855963506449,0.499007981965275,0.301029995663981
0.152919297302905,0.904993375151595,0.67212825222534,0.445645859523772,0.544068044350276
0.440728888239424,0.410453341114829,0.320249581171911,0.543847506349823,0.544068044350276
0.20539551339444,0.292226556088219,0.129732000484428,0.725095544153591,0.397940008672038
0.241923815493185,0.767527950782314,0.428842116948913,0.572161925989529,0.397940008672038
0.660542214267092,0.801556660901029,0.507662535575157,0.317151574316034,0.698970004336019
