RMSE 0.178612675997637
Av. abs error 0.14184027635754
Pearson Correlation 0.445557268373255
Spearman Correlation 0.372758673536302
Orness 0.308940003205733
i Shapley i
1 0.294477212279391
2 0.165639646408223
3 0.333370177029373
4 0.206512964282925
binary number fm.weights
1 0
2 0
3 0
4 0.193637956140186
5 0.403822529954561
6 0.279041769700155
7 0.725165889386119
8 0.0212347951826433
9 0.0212347951826433
10 0.0212347951826433
11 0.837194766749031
12 0.420888145066684
13 0.745010462552994
14 0.420888145066693
15 0.999999999999913
